7202599302,1
7202596114,1
5164948462,1
5164950640,1
6357342023,1
7010458407,1
7010456687,1
7202600528,2
5164326957,3
5164339555,3
5164925830,3
5164941674,3
5164929064,3
5164954038,4
5164962926,4
6130544124,4
6166237307,4
6898018574,4
6898018586,4
4646596554,4
3364083276,4
4646595986,4
6864278706,5
6864279414,5
6864283208,5
6864284812,5
6864285296,5
6864286012,5
6864286552,5
6864286980,5
6864287366,5
6864295786,5
6864343260,5
6864349546,5
6864350654,5
6864348870,5
7010397447,5
7010398745,5
7010399285,5
7010410975,5
7010463153,5
7010464793,5
7202596968,5
7202601948,5
5164329121,5
5164333443,5
6864281840,5
7010457193,5
7215911032,5
7215909506,5
7209161228,6
7209163234,6
7209164428,6
7209165844,6
7209167462,6
7209169076,6
5164354291,6
7215905806,6
6864342812,7
6864344236,7
7010461673,7
7010459511,7
6864347602,8
6864345294,9
6864346432,9
7215912858,9
6864351132,10
4645981443,10
6357349625,10
7010460485,11
7215907460,12
