2770053811,1
2770054233,1
448205698,1
167630387,2
167630706,2
167630994,2
167630856,2
229041186,2
229041244,2
229041350,2
229041378,2
229041489,2
368558898,2
3756860379,2
167630193,3
167630289,3
167630805,3
167631587,3
4082664279,3
4083427446,3
4083428630,3
4083429638,3
167631075,3
4082665591,3
22659540,4
167630109,4
229041135,4
229041280,4
229041681,4
229042068,4
3741621171,4
3822950093,4
3822950301,4
4083421442,4
8221598884,4
167631508,4
229041322,4
229041638,4
229041544,4
4082663185,4
3823754720,4
229040870,5
3749336169,6
3749359179,6
3749367375,6
3750142178,6
4614158318,6
2245948285,6
4603291956,7
4617466409,7
8491213575,7
3750135052,7
167630527,8
167631171,8
229040825,8
3757728060,8
229042098,8
229041879,8
229041213,8
229041982,9
229041451,10
3822946847,11
3822947201,11
8491213607,12
3742404488,12
229042006,12
229041956,12
229041506,12
229041776,13
229041808,13
229041838,13
229041914,13
229042039,13
229041153,13
229041053,13
229041102,13
229041015,13
229040976,13
229040933,13
3823754394,13
229040904,13
3741612931,14
4600155915,15
4600772858,15
539526295,15
4614158892,16
3095759429,16
167630613,16
229041714,16
3749329717,16