4610909423,1
4611518170,1
4610910343,1
4610908887,1
5399139136,1
542470969,1
5846156043,1
223901786,1
3035666389,1
4038498034,1
4957963682,2
4611519126,2
4610909709,2
2758746388,3
2759073995,3
2758746398,3
2759074005,3
2759073999,3
2759074007,3
4037748335,3
6433554181,3
3036500042,3
6474116347,3
280902306,4
6346673603,4
6433554189,4
3442859843,4
5398532661,5
5398537501,5
2772719813,5
2772692225,6
2772681265,7
2772685961,7
2773542386,7
4037957681,8
4038506702,9
4038514036,9
4037764711,9
6433554191,10
2773548532,10
